Initial cost:1165.27
Rota 0: 11 79 23 3 20 57 52 27 26 68 0 49 75 
Rota 1: 43 37 13 99 36 97 84 58 95 93 5 
Rota 2: 85 15 90 60 92 94 96 91 98 4 16 83 59 
Rota 3: 56 14 42 41 86 1 12 88 17 82 7 44 45 47 
Rota 4: 39 71 72 21 40 73 74 55 22 66 38 24 54 
Rota 5: 81 46 35 48 63 10 18 61 62 31 89 9 87 
Rota 6: 51 6 69 29 19 50 8 80 32 78 2 76 28 77 
Rota 7: 30 65 70 64 34 33 67 53 25 
The total cost of the algorithm is 1062.02
Time elapsed: 0.116501

Rota 0: 11 79 23 3 39 57 52 27 26 68 0 49 75 
Rota 1: 13 37 43 99 36 97 84 96 94 93 5 
Rota 2: 85 15 90 60 92 91 58 98 95 4 83 16 59 
Rota 3: 56 14 42 41 86 1 12 88 17 82 44 7 81 47 
Rota 4: 20 71 72 21 40 73 74 55 22 66 38 24 54 
Rota 5: 45 46 35 48 63 10 18 61 62 31 89 9 51 
Rota 6: 6 87 69 29 19 50 8 80 32 78 2 76 28 77 
Rota 7: 30 65 64 70 34 33 67 53 25 
The total cost of the algorithm is 1058.33
Time elapsed: 0.114849

Rota 0: 53 54 24 3 39 57 52 27 26 68 0 49 75 
Rota 1: 1 13 37 43 90 99 84 36 94 93 5 
Rota 2: 85 15 60 97 92 91 58 98 95 4 16 83 59 
Rota 3: 56 14 42 41 86 96 12 88 17 82 7 44 45 47 
Rota 4: 20 71 72 21 40 73 74 55 22 66 38 23 79 
Rota 5: 81 46 35 48 18 10 63 62 31 89 9 61 6 
Rota 6: 51 87 69 29 19 50 8 80 32 78 2 76 28 77 
Rota 7: 30 65 64 70 34 33 67 11 25 
The total cost of the algorithm is 1047.09
Time elapsed: 0.114038

Rota 0: 53 54 24 3 39 57 52 27 26 68 0 49 75 
Rota 1: 96 13 37 43 90 99 84 97 94 93 5 
Rota 2: 85 15 60 92 36 91 58 95 98 4 83 16 59 
Rota 3: 56 14 42 41 86 1 12 88 17 82 44 7 45 47 
Rota 4: 20 71 72 21 40 73 74 55 22 66 38 23 79 
Rota 5: 81 46 35 48 63 18 10 62 31 89 9 61 6 
Rota 6: 51 87 69 29 19 50 8 80 32 78 2 76 28 77 
Rota 7: 30 65 64 70 34 33 67 11 25 
The total cost of the algorithm is 1040.5
Time elapsed: 0.116166

Rota 0: 53 54 24 3 20 57 52 27 26 68 0 49 75 
Rota 1: 96 13 37 43 90 99 84 97 94 93 5 
Rota 2: 85 15 60 92 36 91 58 95 98 4 16 83 59 
Rota 3: 56 14 42 41 86 1 12 88 17 82 7 44 45 47 
Rota 4: 39 71 72 21 40 73 74 55 22 38 66 23 79 
Rota 5: 81 46 35 48 63 10 18 62 31 89 9 61 6 
Rota 6: 51 87 69 29 19 50 8 80 32 78 76 2 28 77 
Rota 7: 30 65 64 70 34 33 67 11 25 
The total cost of the algorithm is 1049.19
Time elapsed: 0.114512

Rota 0: 53 54 24 3 39 57 52 27 26 68 0 49 75 
Rota 1: 1 13 37 43 90 99 84 36 94 93 5 
Rota 2: 85 15 60 92 97 91 58 95 98 4 16 83 59 
Rota 3: 56 14 42 41 86 96 12 88 17 82 7 44 45 47 
Rota 4: 20 71 72 21 40 73 74 55 22 66 38 23 79 
Rota 5: 81 46 35 48 63 18 10 62 31 89 9 61 51 
Rota 6: 6 87 69 29 19 50 8 80 32 78 2 76 28 77 
Rota 7: 30 65 70 64 34 33 67 11 25 
The total cost of the algorithm is 1047
Time elapsed: 0.114862

Rota 0: 53 54 24 3 39 57 52 27 26 68 0 49 75 
Rota 1: 96 13 37 43 90 99 84 98 95 93 5 
Rota 2: 85 15 60 92 58 94 91 36 97 4 83 16 59 
Rota 3: 1 41 42 14 56 86 12 88 17 82 44 7 45 47 
Rota 4: 20 71 72 21 40 73 74 55 22 66 38 23 79 
Rota 5: 81 46 35 48 63 18 10 62 31 89 9 61 6 
Rota 6: 51 87 69 29 19 50 8 80 32 78 2 76 28 77 
Rota 7: 30 65 70 64 34 33 67 11 25 
The total cost of the algorithm is 1041.55
Time elapsed: 0.116363

Rota 0: 53 54 24 3 20 71 72 25 26 68 0 49 75 
Rota 1: 36 13 37 43 90 99 84 97 98 93 5 
Rota 2: 85 15 60 92 58 96 91 94 95 4 16 83 59 
Rota 3: 1 56 14 42 41 86 12 88 17 82 44 7 45 47 
Rota 4: 52 57 39 21 40 73 74 55 22 66 38 23 79 
Rota 5: 81 46 35 48 63 18 10 62 31 89 9 61 6 
Rota 6: 51 87 69 29 19 50 8 80 32 78 2 76 28 77 
Rota 7: 30 65 64 70 34 33 67 11 27 
The total cost of the algorithm is 1038.7
Time elapsed: 0.11405

Rota 0: 53 54 24 3 20 25 39 52 26 68 0 49 75 
Rota 1: 96 13 37 43 90 99 84 97 36 93 5 
Rota 2: 85 15 60 92 58 91 94 95 98 4 16 83 59 
Rota 3: 1 56 14 42 41 86 12 88 17 82 44 7 45 47 
Rota 4: 57 71 72 21 40 73 74 55 22 66 38 23 79 
Rota 5: 81 46 35 48 63 18 10 62 31 89 9 61 6 
Rota 6: 51 87 69 29 19 50 8 80 32 78 2 76 28 77 
Rota 7: 30 65 70 64 34 33 67 11 27 
The total cost of the algorithm is 1036.92
Time elapsed: 0.114166

Rota 0: 53 24 54 3 20 57 39 52 26 68 0 49 75 
Rota 1: 12 96 13 37 43 90 84 58 95 93 5 
Rota 2: 85 15 60 92 91 36 99 97 98 4 83 16 59 
Rota 3: 1 56 14 42 41 86 94 88 17 82 7 44 45 47 
Rota 4: 25 71 72 21 40 73 74 55 22 66 38 23 79 
Rota 5: 81 46 35 48 63 18 10 62 31 89 9 61 6 
Rota 6: 51 87 69 29 19 50 8 80 32 78 76 2 28 77 
Rota 7: 30 65 64 70 34 33 67 11 27 
The total cost of the algorithm is 1036.34
Time elapsed: 0.116825

