Initial cost:1275
Rota 0: 123 71 32 124 121 122 70 9 53 38 88 105 
Rota 1: 140 18 87 39 63 41 91 92 64 14 51 36 136 141 86 147 16 
Rota 2: 108 134 65 12 135 40 93 149 
Rota 3: 43 106 44 90 72 116 74 104 29 103 33 73 20 78 
Rota 4: 62 144 146 142 3 148 145 143 55 46 138 11 
Rota 5: 110 66 133 54 17 109 132 13 57 24 94 95 23 
Rota 6: 102 107 89 4 75 48 8 61 37 77 10 
Rota 7: 67 5 56 131 97 22 68 6 60 112 25 139 7 
Rota 8: 45 76 118 31 50 0 119 79 2 120 58 19 130 82 
Rota 9: 101 26 80 137 47 111 59 81 30 27 69 21 100 
Rota 10: 96 85 42 98 113 115 114 35 84 34 83 127 125 
Rota 11: 99 1 28 128 52 126 129 49 117 15 
The total cost of the algorithm is 1232.4
Time elapsed: 0.152531

Rota 0: 123 32 71 124 121 122 70 9 53 38 88 105 
Rota 1: 140 18 87 39 63 41 91 92 64 106 51 36 136 141 86 147 16 
Rota 2: 138 134 65 12 135 40 93 149 
Rota 3: 43 14 44 90 72 116 74 104 29 103 33 73 78 20 
Rota 4: 62 144 146 142 3 148 108 145 55 143 46 11 
Rota 5: 110 66 133 54 17 109 132 13 57 24 94 95 23 
Rota 6: 102 107 89 4 75 48 8 61 37 10 77 
Rota 7: 67 5 56 131 97 22 68 6 60 25 112 139 7 
Rota 8: 45 76 31 118 50 0 119 79 2 120 58 19 130 82 
Rota 9: 101 26 80 137 47 111 59 81 30 27 69 21 100 
Rota 10: 96 85 42 98 113 115 114 35 84 34 83 127 28 
Rota 11: 99 1 128 52 129 49 117 15 126 125 
The total cost of the algorithm is 1237.08
Time elapsed: 0.1519

Rota 0: 123 71 32 124 121 70 122 9 53 38 88 105 
Rota 1: 140 18 87 39 63 41 91 92 64 14 51 36 136 141 86 147 16 
Rota 2: 143 134 65 12 135 40 93 149 
Rota 3: 43 106 44 90 72 116 74 104 29 103 33 73 78 20 
Rota 4: 62 146 144 148 3 142 108 145 55 46 138 11 
Rota 5: 110 66 133 54 17 109 132 13 57 24 94 95 23 
Rota 6: 102 107 89 4 75 48 8 61 37 10 77 
Rota 7: 67 5 56 131 97 22 68 6 60 112 25 139 7 
Rota 8: 45 76 118 31 50 0 119 79 2 120 58 19 130 82 
Rota 9: 101 26 80 137 47 111 59 81 30 27 69 21 100 
Rota 10: 96 85 42 98 113 115 114 35 84 34 83 127 28 
Rota 11: 99 1 128 52 126 117 129 49 15 125 
The total cost of the algorithm is 1231.08
Time elapsed: 0.152437

Rota 0: 44 71 32 123 121 122 70 9 53 38 88 105 
Rota 1: 140 18 87 39 63 41 91 92 64 106 51 14 136 141 147 86 55 
Rota 2: 143 149 93 40 12 135 65 134 
Rota 3: 36 43 90 124 72 116 74 104 29 103 33 73 78 20 
Rota 4: 11 62 16 146 144 108 142 148 3 145 46 138 
Rota 5: 110 66 133 54 17 109 132 13 57 24 94 95 23 
Rota 6: 102 4 107 89 75 48 8 61 37 76 45 
Rota 7: 67 5 56 131 97 22 68 6 60 25 112 139 7 
Rota 8: 77 10 50 118 31 0 119 79 2 120 58 19 130 82 
Rota 9: 101 26 80 137 47 111 59 81 30 27 69 21 100 
Rota 10: 96 85 42 98 113 115 114 35 84 34 83 127 126 
Rota 11: 99 1 28 128 52 117 129 49 15 125 
The total cost of the algorithm is 1235.66
Time elapsed: 0.152295

Rota 0: 121 124 71 32 123 122 70 9 53 38 88 105 
Rota 1: 140 18 87 39 63 41 91 92 64 106 14 51 43 141 147 86 55 
Rota 2: 143 149 93 135 12 65 40 134 
Rota 3: 62 136 44 90 72 116 74 104 29 103 33 73 78 20 
Rota 4: 11 36 16 146 144 108 142 3 148 145 46 138 
Rota 5: 110 66 133 54 17 109 132 13 57 24 94 95 23 
Rota 6: 102 107 89 4 75 48 8 61 37 76 45 
Rota 7: 67 5 56 131 97 22 68 6 60 112 25 139 7 
Rota 8: 77 10 31 50 118 0 119 79 2 120 58 19 130 99 
Rota 9: 101 26 80 137 47 111 59 81 30 27 69 21 100 
Rota 10: 96 85 42 98 113 115 114 35 84 34 83 127 28 
Rota 11: 1 82 128 52 126 15 117 129 49 125 
The total cost of the algorithm is 1240.82
Time elapsed: 0.154315

Rota 0: 121 124 32 71 123 122 70 9 53 38 88 105 
Rota 1: 140 18 87 39 63 41 91 92 64 106 51 14 43 141 86 147 55 
Rota 2: 134 65 12 135 40 93 149 143 
Rota 3: 62 136 44 90 72 116 74 104 29 103 33 73 78 20 
Rota 4: 11 36 16 146 144 108 142 3 148 145 46 138 
Rota 5: 110 66 133 54 17 109 132 13 57 24 94 95 23 
Rota 6: 102 107 89 4 75 48 8 61 37 45 76 
Rota 7: 67 5 56 131 97 22 68 6 60 25 112 139 7 
Rota 8: 77 10 31 118 50 0 119 79 2 120 58 19 130 82 
Rota 9: 101 26 80 137 47 111 59 81 30 27 69 21 100 
Rota 10: 96 85 42 98 113 115 114 35 84 34 83 127 15 
Rota 11: 99 1 28 128 52 129 49 117 126 125 
The total cost of the algorithm is 1235.64
Time elapsed: 0.153076

Rota 0: 121 32 124 71 123 122 70 9 53 38 88 105 
Rota 1: 140 18 87 39 63 41 91 92 64 106 14 51 43 141 147 86 55 
Rota 2: 134 65 12 135 40 93 149 146 
Rota 3: 143 136 44 90 72 116 74 104 29 103 33 73 20 78 
Rota 4: 11 16 36 62 144 108 148 3 142 145 46 138 
Rota 5: 110 66 133 54 17 109 132 13 57 24 94 95 23 
Rota 6: 102 107 89 4 75 48 8 61 37 77 10 
Rota 7: 67 5 56 131 97 22 68 6 60 112 25 139 7 
Rota 8: 45 76 31 118 50 0 119 79 2 120 58 19 130 82 
Rota 9: 101 26 80 137 47 111 59 81 30 27 69 21 100 
Rota 10: 96 85 42 98 113 115 114 35 84 34 83 127 126 
Rota 11: 99 1 128 28 52 129 49 117 15 125 
The total cost of the algorithm is 1241.81
Time elapsed: 0.151615

Rota 0: 121 123 32 71 124 122 70 9 53 38 88 105 
Rota 1: 140 18 87 39 63 41 91 92 64 106 14 51 43 141 147 86 55 
Rota 2: 134 65 12 135 40 93 149 62 
Rota 3: 36 136 44 90 72 116 74 104 29 103 33 73 78 20 
Rota 4: 11 16 146 144 108 142 3 148 143 145 46 138 
Rota 5: 110 66 133 54 17 109 132 13 57 24 94 95 23 
Rota 6: 102 107 89 4 75 48 8 61 37 77 10 
Rota 7: 67 5 56 131 97 22 68 6 60 112 25 139 7 
Rota 8: 76 45 118 31 50 0 119 79 2 120 19 58 130 82 
Rota 9: 101 26 80 137 47 111 59 81 30 27 69 21 100 
Rota 10: 96 85 42 98 113 115 114 35 84 34 83 127 1 
Rota 11: 99 28 128 52 126 117 49 129 15 125 
The total cost of the algorithm is 1239.95
Time elapsed: 0.153123

Rota 0: 121 124 32 71 123 122 70 9 53 38 88 105 
Rota 1: 140 18 87 39 63 41 91 92 64 106 14 51 36 16 86 141 55 
Rota 2: 134 12 135 40 93 65 149 62 
Rota 3: 136 43 44 90 72 116 74 104 29 103 33 73 78 20 
Rota 4: 11 143 144 146 147 108 3 148 142 145 46 138 
Rota 5: 110 66 133 54 17 109 132 13 57 24 94 95 23 
Rota 6: 102 107 89 4 75 48 8 61 37 10 77 
Rota 7: 67 5 56 131 97 22 68 6 60 112 25 139 7 
Rota 8: 45 76 31 118 50 0 79 100 2 120 58 19 130 82 
Rota 9: 101 26 80 137 47 111 59 81 30 27 69 21 119 
Rota 10: 96 85 42 98 113 115 114 35 84 34 83 127 1 
Rota 11: 99 52 128 28 126 15 117 49 129 125 
The total cost of the algorithm is 1228.98
Time elapsed: 0.150805

Rota 0: 121 124 32 71 123 122 70 9 105 38 88 53 
Rota 1: 140 18 87 39 63 41 91 92 64 106 51 14 36 16 86 141 55 
Rota 2: 149 65 12 135 93 40 134 62 
Rota 3: 136 43 44 90 72 116 74 104 29 103 33 73 78 20 
Rota 4: 11 143 144 146 147 142 3 148 108 145 46 138 
Rota 5: 110 66 133 54 17 109 132 13 57 24 94 95 23 
Rota 6: 102 107 89 4 75 48 61 15 125 10 77 
Rota 7: 67 5 56 131 97 22 68 6 60 25 112 139 7 
Rota 8: 45 76 31 118 50 21 79 100 2 120 58 19 130 82 
Rota 9: 101 26 80 137 47 111 59 81 30 27 69 0 119 
Rota 10: 96 85 42 98 113 115 114 35 84 34 83 127 128 
Rota 11: 99 1 28 52 126 117 129 49 8 37 
The total cost of the algorithm is 1234.29
Time elapsed: 0.152574

