Initial cost:1590.49
Rota 0: 49 168 11 129 39 75 16 125 94 5 60 
Rota 1: 41 67 142 88 136 112 90 140 21 92 155 27 63 100 85 
Rota 2: 159 184 114 40 89 22 182 103 66 158 
Rota 3: 141 113 93 139 120 81 172 20 171 119 47 58 4 102 
Rota 4: 157 135 198 189 42 191 196 0 52 197 194 192 32 104 
Rota 5: 61 115 143 73 23 106 62 48 181 116 15 95 
Rota 6: 183 190 193 65 195 185 111 1 156 138 
Rota 7: 187 150 2 43 54 105 31 96 160 8 186 
Rota 8: 144 72 145 17 146 180 71 117 55 24 109 74 161 
Rota 9: 53 124 44 97 28 152 26 3 86 151 
Rota 10: 170 46 173 154 35 121 165 36 87 123 14 153 
Rota 11: 126 59 80 167 99 25 148 50 6 131 34 177 77 
Rota 12: 29 137 19 78 82 122 12 69 127 18 176 13 132 
Rota 13: 38 108 56 188 130 79 118 37 76 9 128 
Rota 14: 134 91 147 162 30 164 10 51 107 
Rota 15: 174 33 64 175 7 101 166 178 98 57 110 
Rota 16: 45 179 68 83 133 84 163 169 149 70 
The total cost of the algorithm is 1557.55
Time elapsed: 0.192387

Rota 0: 11 49 168 129 39 75 16 125 94 5 60 
Rota 1: 41 67 142 88 136 112 90 140 21 92 155 27 100 63 85 
Rota 2: 159 114 40 89 184 22 182 103 66 158 
Rota 3: 141 113 93 139 120 81 172 20 171 119 47 58 102 4 
Rota 4: 193 135 198 189 42 196 191 157 52 197 194 192 32 104 
Rota 5: 61 115 73 143 23 106 62 48 181 116 15 95 
Rota 6: 183 190 0 65 195 185 111 1 156 138 
Rota 7: 187 150 2 54 43 105 31 96 160 8 186 
Rota 8: 144 72 145 17 146 180 71 117 55 24 109 74 161 
Rota 9: 124 29 97 28 44 152 57 3 86 151 
Rota 10: 170 46 173 154 35 121 165 87 36 123 14 153 
Rota 11: 126 59 25 80 167 99 148 50 6 131 34 177 77 
Rota 12: 53 137 19 78 82 12 122 127 69 18 176 132 13 
Rota 13: 38 108 56 188 130 79 9 76 118 37 128 
Rota 14: 134 91 147 162 30 164 51 10 107 
Rota 15: 33 64 45 175 101 7 166 98 178 26 110 
Rota 16: 174 179 68 83 133 84 163 169 149 70 
The total cost of the algorithm is 1540.69
Time elapsed: 0.191781

Rota 0: 11 49 168 129 39 75 16 125 94 5 60 
Rota 1: 41 67 142 88 136 112 90 140 21 155 92 27 63 100 85 
Rota 2: 159 114 40 89 184 22 182 103 66 158 
Rota 3: 141 113 93 139 81 120 172 20 171 119 47 58 4 102 
Rota 4: 185 135 42 189 198 196 191 197 52 194 157 192 32 104 
Rota 5: 61 115 143 73 23 106 62 48 181 116 15 95 
Rota 6: 183 190 0 65 195 193 111 1 156 138 
Rota 7: 187 150 2 54 43 105 31 96 160 8 186 
Rota 8: 144 72 145 17 146 180 71 117 55 24 109 74 161 
Rota 9: 53 124 44 97 28 152 57 3 86 151 
Rota 10: 170 46 173 154 35 121 165 36 87 123 14 153 
Rota 11: 126 59 25 80 167 99 148 50 6 131 34 177 77 
Rota 12: 29 137 19 78 82 12 122 69 127 18 132 13 176 
Rota 13: 108 38 56 188 130 79 9 76 37 118 128 
Rota 14: 134 91 147 162 30 164 51 10 107 
Rota 15: 33 64 45 7 101 175 166 178 98 26 110 
Rota 16: 174 179 68 83 133 84 163 169 149 70 
The total cost of the algorithm is 1541.93
Time elapsed: 0.191493

Rota 0: 11 49 168 129 39 75 16 125 94 5 60 
Rota 1: 90 88 136 142 41 67 112 140 21 155 92 27 63 100 85 
Rota 2: 159 89 40 114 184 22 182 103 66 158 
Rota 3: 141 113 93 139 120 81 172 20 171 119 4 58 47 29 
Rota 4: 185 135 198 189 42 196 191 52 197 194 157 192 32 104 
Rota 5: 61 115 73 143 23 106 62 181 48 15 95 187 
Rota 6: 183 190 0 65 195 193 111 1 156 138 
Rota 7: 150 116 2 54 43 105 31 96 160 8 186 
Rota 8: 144 72 145 17 146 180 71 117 55 24 109 74 161 
Rota 9: 53 124 97 28 152 57 44 3 86 151 
Rota 10: 170 173 46 154 35 121 165 36 87 123 14 153 
Rota 11: 126 59 167 80 25 99 148 50 6 131 34 77 177 
Rota 12: 102 19 137 78 82 12 122 127 69 18 176 132 13 
Rota 13: 38 108 56 188 130 79 76 37 118 9 128 
Rota 14: 134 91 147 162 30 164 10 51 107 
Rota 15: 33 64 45 175 101 7 166 178 98 26 110 
Rota 16: 174 179 68 83 133 84 163 169 149 70 
The total cost of the algorithm is 1564.43
Time elapsed: 0.191998

Rota 0: 11 49 168 129 39 75 16 125 94 5 60 
Rota 1: 142 88 136 112 41 67 90 140 21 155 92 27 63 100 85 
Rota 2: 159 114 40 89 184 22 182 103 66 158 
Rota 3: 141 113 93 139 120 81 172 20 171 119 47 58 4 102 
Rota 4: 185 198 42 189 135 196 191 197 52 194 157 192 32 104 
Rota 5: 61 115 143 73 23 106 62 48 181 15 95 187 
Rota 6: 183 190 0 65 195 193 111 1 156 138 
Rota 7: 150 116 2 43 54 105 31 96 160 8 186 
Rota 8: 144 72 145 17 146 180 71 117 55 24 109 74 161 
Rota 9: 124 97 28 152 26 57 110 3 53 151 
Rota 10: 170 46 173 154 35 121 165 36 87 123 14 153 
Rota 11: 126 59 25 80 167 99 148 50 6 131 34 77 177 
Rota 12: 29 137 19 78 82 12 122 127 69 18 176 132 13 
Rota 13: 38 108 56 188 130 79 9 76 37 118 128 
Rota 14: 134 91 147 162 30 164 169 51 70 
Rota 15: 33 64 45 175 101 7 166 98 178 44 86 
Rota 16: 174 179 68 83 133 84 163 10 107 149 
The total cost of the algorithm is 1548.57
Time elapsed: 0.191348

Rota 0: 11 49 168 129 39 75 16 125 94 5 60 
Rota 1: 88 136 142 67 41 112 90 140 21 92 155 27 100 63 85 
Rota 2: 159 114 40 89 184 22 182 103 66 158 
Rota 3: 141 113 93 139 81 120 172 20 171 119 102 58 47 29 
Rota 4: 185 135 42 189 198 196 191 52 194 197 157 192 32 104 
Rota 5: 61 115 73 143 23 106 62 48 181 15 187 95 
Rota 6: 183 190 0 65 195 193 111 1 156 138 
Rota 7: 150 116 2 54 43 105 31 96 160 8 186 
Rota 8: 144 72 145 17 146 180 71 117 55 24 109 74 161 
Rota 9: 3 97 28 152 26 57 44 124 53 151 
Rota 10: 170 46 173 154 35 121 165 36 87 123 14 153 
Rota 11: 126 59 167 80 99 25 148 50 6 131 34 77 177 
Rota 12: 4 137 19 78 82 12 122 69 127 18 132 13 176 
Rota 13: 108 38 56 188 130 79 9 76 37 118 128 
Rota 14: 134 91 147 162 30 164 51 149 70 
Rota 15: 33 64 45 175 101 7 166 98 178 110 86 
Rota 16: 174 179 68 83 133 84 163 169 10 107 
The total cost of the algorithm is 1543.64
Time elapsed: 0.193726

Rota 0: 11 49 168 129 39 75 16 125 94 5 60 
Rota 1: 67 88 136 142 41 112 90 140 21 92 155 27 63 100 85 
Rota 2: 159 114 40 89 184 22 182 103 66 158 
Rota 3: 141 113 93 139 81 120 172 20 171 119 47 58 4 102 
Rota 4: 185 135 198 42 189 191 196 194 197 52 157 192 32 104 
Rota 5: 61 115 143 73 23 106 62 48 181 15 95 187 
Rota 6: 183 190 0 65 195 193 111 1 156 138 
Rota 7: 150 116 2 54 43 105 31 96 160 8 186 
Rota 8: 144 72 145 17 146 180 71 117 55 24 109 74 161 
Rota 9: 124 97 28 152 26 57 110 3 86 53 
Rota 10: 170 46 173 154 35 121 165 36 87 123 14 153 
Rota 11: 126 59 80 167 25 99 148 50 6 131 34 77 177 
Rota 12: 29 137 19 78 82 12 122 127 69 18 176 132 13 
Rota 13: 38 108 56 188 130 79 9 76 118 37 128 
Rota 14: 134 91 147 162 30 164 51 149 70 
Rota 15: 33 45 64 101 7 175 166 178 98 44 151 
Rota 16: 174 179 68 83 133 84 163 169 10 107 
The total cost of the algorithm is 1545.27
Time elapsed: 0.190218

Rota 0: 11 49 168 129 39 75 16 125 94 5 60 
Rota 1: 41 67 142 136 88 112 90 141 140 92 155 27 63 100 85 
Rota 2: 22 159 40 89 184 114 182 103 66 158 
Rota 3: 21 113 93 139 120 81 172 20 171 119 47 58 4 102 
Rota 4: 185 198 135 196 191 42 189 52 197 194 157 192 32 104 
Rota 5: 61 115 73 143 23 106 62 48 181 15 95 187 
Rota 6: 183 190 0 65 195 193 111 1 156 138 
Rota 7: 150 116 2 43 54 105 31 96 160 8 186 
Rota 8: 144 72 145 17 146 180 71 117 55 24 109 74 161 
Rota 9: 86 97 28 152 26 57 44 124 53 151 
Rota 10: 170 46 173 154 35 121 165 87 36 14 123 153 
Rota 11: 126 59 25 80 167 99 148 50 6 131 34 77 177 
Rota 12: 29 137 19 78 82 12 122 69 127 132 13 176 18 
Rota 13: 38 108 56 188 130 79 9 76 37 118 128 
Rota 14: 134 91 147 162 30 164 51 149 70 
Rota 15: 174 33 45 64 7 101 166 178 98 110 3 
Rota 16: 175 179 68 83 133 84 163 169 10 107 
The total cost of the algorithm is 1557.12
Time elapsed: 0.194465

Rota 0: 11 49 168 129 39 75 16 125 150 94 5 
Rota 1: 41 67 142 88 136 112 90 141 113 21 92 27 63 100 85 
Rota 2: 159 114 40 89 184 22 182 103 66 158 
Rota 3: 140 155 93 139 120 81 172 20 171 119 47 58 102 4 
Rota 4: 185 191 196 135 198 42 189 52 197 194 157 192 32 104 
Rota 5: 61 115 143 73 23 106 62 48 181 15 95 60 
Rota 6: 183 190 0 65 195 193 111 1 156 138 
Rota 7: 187 116 2 54 43 105 31 96 160 8 186 
Rota 8: 144 72 145 17 146 180 71 117 55 24 109 74 161 
Rota 9: 86 110 26 152 28 44 97 29 53 151 
Rota 10: 170 46 173 154 35 121 165 87 36 123 14 153 
Rota 11: 126 59 25 80 167 99 148 50 6 131 34 77 177 
Rota 12: 124 137 19 78 82 12 122 69 127 176 13 132 18 
Rota 13: 38 108 56 188 130 79 9 76 37 118 128 
Rota 14: 134 91 147 162 30 164 51 149 70 
Rota 15: 174 45 33 64 7 101 166 178 98 57 3 
Rota 16: 175 179 68 83 133 84 163 169 10 107 
The total cost of the algorithm is 1548.63
Time elapsed: 0.19156

Rota 0: 125 49 168 129 39 11 75 150 16 94 5 
Rota 1: 41 67 142 136 88 112 90 141 113 155 92 27 63 100 85 
Rota 2: 159 114 40 89 184 22 182 103 66 158 
Rota 3: 140 21 93 139 81 120 172 20 171 119 47 58 102 4 
Rota 4: 185 0 196 135 198 42 189 52 197 191 157 192 32 104 
Rota 5: 61 115 73 143 23 106 62 181 48 15 95 60 
Rota 6: 183 190 195 65 194 193 111 1 156 138 
Rota 7: 187 116 2 54 43 105 31 96 160 8 186 
Rota 8: 144 72 145 17 146 180 71 117 55 24 109 74 161 
Rota 9: 86 3 110 152 28 44 97 29 53 151 
Rota 10: 170 46 173 154 35 121 165 36 87 123 14 153 
Rota 11: 126 59 167 80 25 99 148 50 6 131 34 77 177 
Rota 12: 124 137 19 78 82 12 122 127 69 18 132 13 176 
Rota 13: 38 108 56 188 130 79 9 76 37 118 128 
Rota 14: 134 91 147 162 30 164 51 149 70 
Rota 15: 33 45 64 175 7 101 166 178 98 26 57 
Rota 16: 174 179 68 83 133 84 163 169 10 107 
The total cost of the algorithm is 1546.01
Time elapsed: 0.194313

