28137
Rota 0: 23 8 11 0 103 89 51 
Rota 1: 21 32 61 25 101 91 4 
Rota 2: 95 44 99 50 86 75 59 
Rota 3: 77 6 74 83 65 96 92 
Rota 4: 43 14 52 102 100 27 42 81 
Rota 5: 24 55 18 26 36 78 70 45 
Rota 6: 28 71 33 10 98 73 
Rota 7: 48 20 84 76 66 82 1 104 
Rota 8: 53 13 57 47 16 30 39 12 62 
Rota 9: 56 93 63 104 68 90 35 7 
Rota 10: 67 94 46 58 34 19 9 17 
Rota 11: 87 85 40 15 72 88 37 
Rota 12: 31 41 2 54 22 97 3 29 
Rota 13: 60 79 64 69 5 80 49 
The total cost of the algorithm is 27578.1
Time elapsed: 0.128873

Rota 0: 23 8 11 103 0 89 51 
Rota 1: 21 32 61 25 101 91 4 
Rota 2: 95 81 59 86 75 50 44 
Rota 3: 77 6 74 83 65 96 92 
Rota 4: 43 14 52 102 100 27 42 99 
Rota 5: 24 55 18 26 36 78 70 45 
Rota 6: 28 71 33 10 98 73 
Rota 7: 48 20 84 76 66 82 1 104 
Rota 8: 53 13 57 47 16 30 39 12 62 
Rota 9: 56 93 63 104 68 90 35 7 
Rota 10: 67 94 46 58 34 19 9 17 
Rota 11: 87 85 40 15 72 88 37 
Rota 12: 31 41 2 54 22 97 3 29 
Rota 13: 60 79 64 69 5 80 49 
The total cost of the algorithm is 27545.1
Time elapsed: 0.126984

Rota 0: 23 8 11 0 103 89 51 
Rota 1: 21 32 61 25 101 91 4 
Rota 2: 95 81 86 75 59 50 44 
Rota 3: 77 6 74 83 65 96 92 
Rota 4: 43 14 52 102 100 27 42 99 
Rota 5: 24 55 18 26 36 78 70 45 
Rota 6: 28 71 33 10 98 73 
Rota 7: 48 20 84 76 66 82 1 104 
Rota 8: 53 13 57 47 16 30 39 12 62 
Rota 9: 56 93 63 104 68 90 35 7 
Rota 10: 67 94 46 58 34 19 9 17 
Rota 11: 87 85 40 15 72 88 37 
Rota 12: 31 41 2 54 22 97 3 29 
Rota 13: 60 79 64 69 5 80 49 
The total cost of the algorithm is 27544.4
Time elapsed: 0.127232

Rota 0: 23 8 11 0 103 89 51 
Rota 1: 21 32 61 25 101 91 4 
Rota 2: 95 81 59 86 75 50 99 
Rota 3: 77 6 74 83 65 96 92 
Rota 4: 43 14 52 102 100 27 42 44 
Rota 5: 24 55 18 26 36 78 70 45 
Rota 6: 28 71 33 10 98 73 
Rota 7: 48 20 84 76 66 82 1 104 
Rota 8: 53 13 57 47 16 30 39 12 62 
Rota 9: 56 93 63 104 68 90 35 7 
Rota 10: 67 94 46 58 34 19 9 17 
Rota 11: 87 85 40 15 72 88 37 
Rota 12: 31 41 2 54 22 97 3 29 
Rota 13: 60 79 64 69 5 80 49 
The total cost of the algorithm is 27544.3
Time elapsed: 0.12729

Rota 0: 23 8 11 0 103 89 51 
Rota 1: 21 32 61 25 101 91 4 
Rota 2: 95 81 86 75 59 50 99 
Rota 3: 77 6 74 83 65 96 92 
Rota 4: 43 14 52 102 100 27 42 44 
Rota 5: 24 55 18 26 36 78 70 45 
Rota 6: 28 71 33 10 98 73 
Rota 7: 48 20 84 76 66 82 1 104 
Rota 8: 53 13 57 47 16 30 39 12 62 
Rota 9: 56 93 63 104 68 90 35 7 
Rota 10: 67 94 46 58 34 19 9 17 
Rota 11: 87 85 40 15 72 88 37 
Rota 12: 31 41 2 54 22 97 3 29 
Rota 13: 60 79 64 69 5 80 49 
The total cost of the algorithm is 27544.4
Time elapsed: 0.127865

Rota 0: 23 8 11 0 103 89 51 
Rota 1: 21 32 61 25 101 91 4 
Rota 2: 95 81 59 86 75 50 44 
Rota 3: 77 6 74 83 65 96 92 
Rota 4: 43 14 52 102 100 27 42 99 
Rota 5: 24 55 18 26 36 78 70 45 
Rota 6: 28 71 33 10 98 73 
Rota 7: 48 20 84 76 66 82 1 104 
Rota 8: 53 13 57 47 16 30 39 12 62 
Rota 9: 56 93 63 104 68 90 35 7 
Rota 10: 67 94 46 58 34 19 9 17 
Rota 11: 87 85 40 15 72 88 37 
Rota 12: 31 41 2 54 22 97 3 29 
Rota 13: 60 79 64 69 5 80 49 
The total cost of the algorithm is 27544.4
Time elapsed: 0.126694

Rota 0: 23 8 11 0 103 89 51 
Rota 1: 21 32 61 25 101 91 4 
Rota 2: 95 81 86 75 59 50 99 
Rota 3: 77 6 74 83 65 96 92 
Rota 4: 43 14 52 102 100 27 42 44 
Rota 5: 24 55 18 26 36 78 70 45 
Rota 6: 28 71 33 10 98 73 
Rota 7: 48 20 84 76 66 82 1 104 
Rota 8: 53 13 57 47 16 30 39 12 62 
Rota 9: 56 93 63 104 68 90 35 7 
Rota 10: 67 94 46 58 34 19 9 17 
Rota 11: 87 85 40 15 72 88 37 
Rota 12: 31 41 2 54 22 97 3 29 
Rota 13: 60 79 64 69 5 80 49 
The total cost of the algorithm is 27544.4
Time elapsed: 0.126687

Rota 0: 23 8 11 103 0 89 51 
Rota 1: 21 32 61 25 101 91 4 
Rota 2: 95 81 86 75 59 50 99 
Rota 3: 77 6 74 83 65 96 92 
Rota 4: 43 14 52 102 100 27 42 44 
Rota 5: 24 55 18 26 36 78 70 45 
Rota 6: 28 71 33 10 98 73 
Rota 7: 48 20 84 76 66 82 1 104 
Rota 8: 53 13 57 47 16 30 39 12 62 
Rota 9: 56 93 63 104 68 90 35 7 
Rota 10: 67 94 46 58 34 19 9 17 
Rota 11: 87 85 40 15 72 88 37 
Rota 12: 31 41 2 54 22 97 3 29 
Rota 13: 60 79 64 69 5 80 49 
The total cost of the algorithm is 27545.1
Time elapsed: 0.127625

Rota 0: 23 8 11 0 103 89 51 
Rota 1: 21 32 61 25 101 91 4 
Rota 2: 95 81 59 86 75 50 44 
Rota 3: 77 6 74 83 65 96 92 
Rota 4: 43 14 52 102 100 27 42 99 
Rota 5: 24 55 18 26 36 78 70 45 
Rota 6: 28 71 33 10 98 73 
Rota 7: 48 20 84 76 66 82 1 104 
Rota 8: 53 13 57 47 16 30 39 12 62 
Rota 9: 56 93 63 104 68 90 35 7 
Rota 10: 67 94 46 58 34 19 9 17 
Rota 11: 87 85 40 15 72 88 37 
Rota 12: 31 41 2 54 22 97 3 29 
Rota 13: 60 79 64 69 5 80 49 
The total cost of the algorithm is 27544.4
Time elapsed: 0.12773

Rota 0: 23 8 11 103 0 89 51 
Rota 1: 21 32 61 25 101 91 4 
Rota 2: 95 81 86 75 59 50 99 
Rota 3: 77 6 74 83 65 96 92 
Rota 4: 43 14 52 102 100 27 42 44 
Rota 5: 24 55 18 26 36 78 70 45 
Rota 6: 28 71 33 10 98 73 
Rota 7: 48 20 84 76 66 82 1 104 
Rota 8: 53 13 57 47 16 30 39 12 62 
Rota 9: 56 93 63 104 68 90 35 7 
Rota 10: 67 94 46 58 34 19 9 17 
Rota 11: 87 85 40 15 72 88 37 
Rota 12: 31 41 2 54 22 97 3 29 
Rota 13: 60 79 64 69 5 80 49 
The total cost of the algorithm is 27545.1
Time elapsed: 0.127171

