21105.9
Rota 0: 45 63 25 71 101 101 69 35 55 30 10 80 68 12 
Rota 1: 107 47 59 5 107 102 60 23 97 4 85 86 105 105 31 109 109 111 111 
Rota 2: 14 72 92 2 17 108 108 46 78 48 98 34 
Rota 3: 15 18 50 24 40 
Rota 4: 88 16 65 103 103 90 1 22 64 112 57 76 37 96 
Rota 5: 9 91 100 56 106 106 94 
Rota 6: 41 58 49 51 20 81 87 28 52 77 27 99 61 53 113 113 43 26 84 
Rota 7: 21 95 44 11 112 32 102 
Rota 8: 3 100 19 93 29 74 82 83 
Rota 9: 110 110 8 104 104 73 6 62 33 
The total cost of the algorithm is 16762.1
Time elapsed: 0.129769

Rota 0: 45 63 25 71 101 101 69 35 55 30 10 80 68 12 
Rota 1: 107 47 59 5 107 102 60 23 97 4 85 86 105 105 31 109 111 111 84 
Rota 2: 14 72 92 2 17 108 108 46 78 48 98 34 
Rota 3: 15 18 50 24 40 
Rota 4: 88 16 65 103 103 90 1 22 64 112 57 76 37 96 
Rota 5: 9 56 100 91 106 106 94 
Rota 6: 41 58 49 51 20 81 87 28 52 77 27 99 61 53 113 113 43 26 109 
Rota 7: 21 95 44 11 112 32 102 
Rota 8: 3 100 19 93 29 74 82 83 
Rota 9: 110 110 8 104 104 73 6 62 33 
The total cost of the algorithm is 16739.3
Time elapsed: 0.129609

Rota 0: 45 63 25 71 101 101 69 35 55 30 10 80 68 12 
Rota 1: 107 47 59 5 107 102 60 23 97 4 85 86 105 105 31 109 111 111 84 
Rota 2: 14 72 92 2 17 108 108 46 78 48 98 34 
Rota 3: 15 18 50 24 40 
Rota 4: 88 16 65 103 103 90 1 22 64 112 57 76 37 96 
Rota 5: 9 91 100 56 106 106 94 
Rota 6: 41 58 49 51 20 81 87 28 52 77 27 99 61 53 113 113 43 26 109 
Rota 7: 21 95 44 11 112 32 102 
Rota 8: 3 100 19 93 29 74 82 83 
Rota 9: 110 110 8 104 104 73 6 62 33 
The total cost of the algorithm is 16738.1
Time elapsed: 0.12936

Rota 0: 45 63 25 71 101 101 69 35 55 30 10 80 68 12 
Rota 1: 107 47 59 5 107 102 102 23 97 4 85 86 105 105 31 109 111 111 84 
Rota 2: 14 72 92 2 17 108 108 46 78 48 98 34 
Rota 3: 15 18 50 24 40 
Rota 4: 88 16 65 103 103 90 1 22 64 112 57 76 37 96 
Rota 5: 9 56 100 91 106 106 94 
Rota 6: 41 58 49 51 20 81 87 28 52 77 27 99 61 53 113 113 43 26 109 
Rota 7: 21 95 44 11 112 32 60 
Rota 8: 3 100 19 93 29 74 82 83 
Rota 9: 110 110 8 104 104 73 6 62 33 
The total cost of the algorithm is 16735.7
Time elapsed: 0.129252

Rota 0: 45 63 25 71 101 101 69 35 55 30 10 80 68 12 
Rota 1: 107 47 59 5 107 102 102 23 97 4 85 86 105 105 31 109 111 111 84 
Rota 2: 14 72 92 2 17 108 108 46 78 48 98 34 
Rota 3: 15 18 50 24 40 
Rota 4: 88 16 65 103 103 90 1 22 64 112 57 76 37 96 
Rota 5: 9 91 100 56 106 106 94 
Rota 6: 41 58 49 51 20 81 87 28 52 77 27 99 61 53 113 113 43 26 109 
Rota 7: 21 95 44 11 112 32 60 
Rota 8: 3 100 19 93 29 74 82 83 
Rota 9: 110 110 8 104 104 73 6 62 33 
The total cost of the algorithm is 16734.5
Time elapsed: 0.128191

Rota 0: 45 63 25 71 101 101 69 35 55 30 10 80 68 12 
Rota 1: 107 47 59 5 107 102 102 23 97 4 85 86 105 105 14 84 111 111 109 
Rota 2: 31 72 92 2 17 108 108 46 78 48 98 34 
Rota 3: 15 18 50 24 40 
Rota 4: 88 16 65 103 103 90 1 22 64 112 57 76 37 96 
Rota 5: 9 56 100 91 106 106 94 
Rota 6: 41 58 49 51 20 81 87 28 52 77 27 99 61 53 113 113 43 26 109 
Rota 7: 21 95 44 11 112 32 60 
Rota 8: 3 100 19 93 29 74 82 83 
Rota 9: 110 110 8 104 104 73 6 62 33 
The total cost of the algorithm is 16739.8
Time elapsed: 0.128842

Rota 0: 45 63 25 71 101 101 69 35 55 30 10 80 68 12 
Rota 1: 107 47 59 5 107 102 102 23 97 4 85 86 105 105 31 8 104 111 111 
Rota 2: 14 72 92 2 17 108 108 46 78 48 98 34 
Rota 3: 15 18 50 24 40 
Rota 4: 88 16 65 103 103 90 1 22 64 112 57 76 37 96 
Rota 5: 9 91 100 56 106 106 94 
Rota 6: 41 58 49 51 20 81 87 28 52 77 27 99 61 53 113 113 43 26 104 
Rota 7: 21 95 44 11 112 32 60 
Rota 8: 3 100 19 93 29 74 82 83 
Rota 9: 110 110 109 109 84 73 6 62 33 
The total cost of the algorithm is 16563
Time elapsed: 0.128076

Rota 0: 45 63 25 71 101 101 69 35 55 30 10 80 68 12 
Rota 1: 107 47 59 5 107 102 102 23 97 4 85 86 105 105 31 8 104 111 111 
Rota 2: 14 72 92 2 17 108 108 46 78 48 98 34 
Rota 3: 15 18 50 24 40 
Rota 4: 88 16 65 103 103 90 1 22 64 112 57 76 37 96 
Rota 5: 9 91 100 56 106 106 94 
Rota 6: 41 58 49 51 20 81 87 28 52 77 27 99 61 53 113 113 43 26 104 
Rota 7: 21 95 44 11 112 32 60 
Rota 8: 3 100 19 93 29 74 82 83 
Rota 9: 110 110 109 109 84 73 6 62 33 
The total cost of the algorithm is 16563
Time elapsed: 0.128497

Rota 0: 45 63 25 71 101 101 69 35 55 30 10 80 68 12 
Rota 1: 107 47 59 5 107 102 102 23 97 4 85 86 105 105 31 8 104 111 111 
Rota 2: 14 72 92 2 17 108 108 46 78 48 98 34 
Rota 3: 15 18 50 24 40 
Rota 4: 88 16 65 103 103 90 1 22 64 112 57 76 37 96 
Rota 5: 9 91 100 56 106 106 94 
Rota 6: 41 58 49 51 20 81 87 28 52 77 27 99 61 53 113 113 43 26 104 
Rota 7: 21 95 44 11 112 32 60 
Rota 8: 3 100 19 93 29 74 82 83 
Rota 9: 110 110 109 109 84 73 6 62 33 
The total cost of the algorithm is 16563
Time elapsed: 0.128715

Rota 0: 45 63 25 71 101 101 69 35 55 30 10 80 68 12 
Rota 1: 107 47 59 5 107 102 102 23 97 4 85 86 105 105 31 8 104 111 111 
Rota 2: 14 72 92 2 17 108 108 46 78 48 98 34 
Rota 3: 15 18 50 24 40 
Rota 4: 88 16 65 103 103 90 1 22 64 112 57 76 37 96 
Rota 5: 9 56 100 91 106 106 94 
Rota 6: 41 58 49 51 20 81 87 28 52 77 27 99 61 53 113 113 43 26 104 
Rota 7: 21 95 44 11 112 32 60 
Rota 8: 3 100 19 93 29 74 82 83 
Rota 9: 110 110 109 109 84 73 6 62 33 
The total cost of the algorithm is 16564.2
Time elapsed: 0.129513

