17720.1
Rota 0: 21 60 59 103 92 63 35 64 98 
Rota 1: 74 20 87 95 53 67 40 11 57 
Rota 2: 71 62 9 85 46 39 7 61 99 
Rota 3: 58 94 16 27 38 49 51 18 48 
Rota 4: 30 26 1 79 70 29 68 108 17 
Rota 5: 72 34 6 106 81 56 12 
Rota 6: 89 22 69 43 80 93 36 47 
Rota 7: 13 2 107 88 45 4 90 
Rota 8: 42 82 75 54 55 24 102 23 83 
Rota 9: 5 76 10 84 50 66 44 33 37 
Rota 10: 0 78 31 104 73 28 15 77 105 
Rota 11: 3 100 101 32 8 86 25 52 14 97 
Rota 12: 19 91 96 41 65 
The total cost of the algorithm is 17329.1
Time elapsed: 0.145838

Rota 0: 21 60 59 103 92 63 35 64 98 
Rota 1: 74 20 87 95 53 67 40 11 57 
Rota 2: 71 62 9 85 46 39 7 61 99 
Rota 3: 58 94 16 27 38 49 51 18 48 
Rota 4: 30 26 1 79 70 29 68 108 17 
Rota 5: 72 34 6 106 81 56 12 
Rota 6: 89 22 69 43 80 93 36 47 
Rota 7: 13 2 107 88 45 4 90 
Rota 8: 42 82 75 54 55 24 102 23 83 
Rota 9: 5 76 10 84 50 66 44 33 37 
Rota 10: 0 78 31 104 73 28 15 77 105 
Rota 11: 3 100 101 32 8 86 25 52 14 97 
Rota 12: 19 91 96 41 65 
The total cost of the algorithm is 17329.1
Time elapsed: 0.144399

Rota 0: 21 60 59 103 92 63 35 64 98 
Rota 1: 74 20 87 95 53 67 40 11 57 
Rota 2: 71 62 9 85 46 39 7 61 99 
Rota 3: 58 94 16 27 38 49 51 18 48 
Rota 4: 30 26 1 79 70 29 68 108 17 
Rota 5: 72 34 6 106 81 56 12 
Rota 6: 89 22 69 43 80 93 36 47 
Rota 7: 13 2 107 88 45 4 90 
Rota 8: 42 82 75 54 55 24 102 23 83 
Rota 9: 5 76 10 84 50 66 44 33 37 
Rota 10: 0 78 31 104 73 28 15 77 105 
Rota 11: 3 100 101 32 8 86 25 52 14 97 
Rota 12: 19 91 96 41 65 
The total cost of the algorithm is 17329.1
Time elapsed: 0.145289

Rota 0: 21 60 59 103 92 63 35 64 98 
Rota 1: 74 20 87 95 53 67 40 11 57 
Rota 2: 71 62 9 85 46 39 7 61 99 
Rota 3: 58 94 16 27 38 49 51 18 48 
Rota 4: 30 26 1 79 70 29 68 108 17 
Rota 5: 72 34 6 106 81 56 12 
Rota 6: 89 22 69 43 80 93 36 47 
Rota 7: 13 2 107 88 45 4 90 
Rota 8: 42 82 75 54 55 24 102 23 83 
Rota 9: 5 76 10 84 50 66 44 33 37 
Rota 10: 0 78 31 104 73 28 15 77 105 
Rota 11: 3 100 101 32 8 86 25 52 14 97 
Rota 12: 19 91 96 41 65 
The total cost of the algorithm is 17329.1
Time elapsed: 0.144643

Rota 0: 21 60 59 103 92 63 35 64 98 
Rota 1: 74 20 87 95 53 67 40 11 57 
Rota 2: 71 62 9 85 46 39 7 61 99 
Rota 3: 58 94 16 27 38 49 51 18 48 
Rota 4: 30 26 1 79 70 29 68 108 17 
Rota 5: 72 34 6 106 81 56 12 
Rota 6: 89 22 69 43 80 93 36 47 
Rota 7: 13 2 107 88 45 4 90 
Rota 8: 42 82 75 54 55 24 102 23 83 
Rota 9: 5 76 10 84 50 66 44 33 37 
Rota 10: 0 78 31 104 73 28 15 77 105 
Rota 11: 3 100 101 32 8 86 25 52 14 97 
Rota 12: 19 91 96 41 65 
The total cost of the algorithm is 17329.1
Time elapsed: 0.144498

Rota 0: 21 60 59 103 92 63 35 64 98 
Rota 1: 74 20 87 95 53 67 40 11 57 
Rota 2: 71 62 9 85 46 39 7 61 99 
Rota 3: 58 94 16 27 38 49 51 18 48 
Rota 4: 30 26 1 79 70 29 68 108 17 
Rota 5: 72 34 6 106 81 56 12 
Rota 6: 89 22 69 43 80 93 36 47 
Rota 7: 13 2 107 88 45 4 90 
Rota 8: 42 82 75 54 55 24 102 23 83 
Rota 9: 5 76 10 84 50 66 44 33 37 
Rota 10: 0 78 104 31 73 28 15 77 105 
Rota 11: 3 100 101 32 8 86 25 52 14 97 
Rota 12: 19 91 96 41 65 
The total cost of the algorithm is 17331
Time elapsed: 0.144127

Rota 0: 21 60 59 103 92 63 35 64 98 
Rota 1: 74 20 87 95 53 67 40 11 57 
Rota 2: 71 62 9 85 46 39 7 61 99 
Rota 3: 58 94 16 27 38 49 51 18 48 
Rota 4: 30 26 1 79 70 29 68 108 17 
Rota 5: 72 34 6 106 81 56 12 
Rota 6: 89 22 69 43 80 93 36 47 
Rota 7: 13 2 107 88 45 4 90 
Rota 8: 42 82 75 54 55 24 102 23 83 
Rota 9: 5 76 10 84 50 66 44 33 37 
Rota 10: 0 78 31 104 73 28 15 77 105 
Rota 11: 3 100 101 32 8 86 25 52 14 97 
Rota 12: 19 91 96 41 65 
The total cost of the algorithm is 17329.1
Time elapsed: 0.143932

Rota 0: 21 60 59 103 92 63 35 64 98 
Rota 1: 74 20 87 95 53 67 40 11 57 
Rota 2: 71 62 9 85 46 39 7 61 99 
Rota 3: 58 94 16 27 38 49 51 18 48 
Rota 4: 30 26 1 79 70 29 68 108 17 
Rota 5: 72 34 6 106 81 56 12 
Rota 6: 89 22 69 43 80 93 36 47 
Rota 7: 13 2 107 88 45 4 90 
Rota 8: 42 82 75 54 55 24 102 23 83 
Rota 9: 5 76 10 84 50 66 44 33 37 
Rota 10: 0 78 31 104 73 28 15 77 105 
Rota 11: 3 100 101 32 8 86 25 52 14 97 
Rota 12: 19 91 96 41 65 
The total cost of the algorithm is 17329.1
Time elapsed: 0.143953

Rota 0: 21 60 59 103 92 63 35 64 98 
Rota 1: 74 20 87 95 53 67 40 11 57 
Rota 2: 71 62 9 85 46 39 7 61 99 
Rota 3: 58 94 16 27 38 49 51 18 48 
Rota 4: 30 26 1 79 70 29 68 108 17 
Rota 5: 72 34 6 106 81 56 12 
Rota 6: 89 22 69 43 80 93 36 47 
Rota 7: 13 2 107 88 45 4 90 
Rota 8: 42 82 75 54 55 24 102 23 83 
Rota 9: 5 76 10 84 50 66 44 33 37 
Rota 10: 0 78 31 104 73 28 15 77 105 
Rota 11: 3 100 101 32 8 86 25 52 14 97 
Rota 12: 19 91 96 41 65 
The total cost of the algorithm is 17329.1
Time elapsed: 0.14426

Rota 0: 21 60 59 103 92 63 35 64 98 
Rota 1: 74 20 87 95 53 67 40 11 57 
Rota 2: 71 62 9 85 46 39 7 61 99 
Rota 3: 58 94 16 27 38 49 51 18 48 
Rota 4: 30 26 1 79 70 29 68 108 17 
Rota 5: 72 34 6 106 81 56 12 
Rota 6: 89 22 69 43 80 93 36 47 
Rota 7: 13 2 107 88 45 4 90 
Rota 8: 42 82 75 54 55 24 102 23 83 
Rota 9: 5 76 10 84 50 66 44 33 37 
Rota 10: 0 78 31 104 73 28 15 77 105 
Rota 11: 3 100 101 32 8 86 25 52 14 97 
Rota 12: 19 91 96 41 65 
The total cost of the algorithm is 17329.1
Time elapsed: 0.144548

